       0.000           0.0000
       1.000         590.3149
       2.000        1169.5865
       3.000        1732.5865
       4.000        2335.9280
       5.000        2908.2375
       6.000        3583.8770
       7.000        4147.3354
       8.000        4670.0806
       9.000        5316.1509
      10.000        5896.1519
      11.000        6487.3809
      12.000        7028.1357
      13.000        7686.6284
      14.000        8207.1396
      15.000        8841.3389
      16.000        9437.2188
      17.000       10079.9805
      18.000       10619.2637
      19.000       11345.2803
      20.000       11838.5264
      21.000       12195.6738
      22.000       12462.4541
      23.000       12729.0039
      24.000       13084.8682
      25.000       13539.6875
      26.000       13737.7725
      27.000       13890.7842
      28.000       14132.3213
      29.000       14528.1016
      30.000       14838.2197
      31.000       15190.4785
      32.000       15367.7783
      33.000       15746.0488
      34.000       16064.3408
      35.000       16299.1514
      36.000       16737.4824
      37.000       16770.2734
      38.000       17278.0645
      39.000       17486.2188
      40.000       17865.3203
      41.000       17853.7695
      42.000       17909.8320
      43.000       17858.6816
      44.000       17770.9219
      45.000       17865.0312
      46.000       17924.1582
      47.000       17859.8594
      48.000       17884.9746
      49.000       17854.9238
      50.000       17964.8672
      51.000       17761.1777
      52.000       17857.7305
      53.000       17889.7852
      54.000       18107.3828
      55.000       17818.7559
      56.000       17816.6445
      57.000       17606.6055
      58.000       17895.8477
      59.000       17931.1445
      60.000       17890.8633
      61.000       17718.0859
      62.000       17865.9883
      63.000       17890.1445
      64.000       17787.9316
      65.000       17781.0938
      66.000       17999.9180
      67.000       17953.7988
      68.000       17803.7148
      69.000       17741.5332
      70.000       17799.8594
      71.000       17907.3242
      72.000       17962.2617
      73.000       17691.9785
      74.000       17870.6602
      75.000       17697.3027
      76.000       17872.5547
      77.000       17816.5684
      78.000       18028.1406
      79.000       18021.0020
      80.000       17934.6328
      81.000       17929.2578
      82.000       17881.8711
      83.000       17894.5469
      84.000       17755.0352
      85.000       17927.0488
      86.000       18014.7129
      87.000       17838.8887
      88.000       17871.8301
      89.000       17608.1055
      90.000       17878.5703
      91.000       17760.5156
      92.000       17988.5410
      93.000       17782.3730
      94.000       17811.4004
      95.000       17888.9414
      96.000       17927.3770
      97.000       17721.1387
      98.000       17971.8340
      99.000       17940.0039
     100.000       17775.0527
     101.000       17777.7617
     102.000       17864.3555
     103.000       17904.1641
     104.000       17853.3457
     105.000       17831.6055
     106.000       17997.6836
     107.000       18009.8906
     108.000       17749.7500
     109.000       17928.6562
     110.000       17943.3086
     111.000       17855.7773
     112.000       18021.4336
     113.000       17879.1328
     114.000       17898.7559
     115.000       17884.0684
     116.000       17811.0605
     117.000       17847.8262
     118.000       17730.0156
     119.000       17843.5645
     120.000       17757.9180
     121.000       17851.2188
     122.000       17799.9512
     123.000       17790.5176
     124.000       17818.9082
     125.000       17901.4062
     126.000       17792.0098
     127.000       17820.9609
     128.000       17911.9082
     129.000       17906.0684
     130.000       17901.4492
     131.000       17790.5957
     132.000       18008.8594
     133.000       17899.7070
     134.000       18084.1152
     135.000       17861.4375
     136.000       17902.6660
     137.000       17807.0996
     138.000       17931.0156
     139.000       17642.3867
     140.000       17713.0781
