       0.000     -125246.8789
       1.000     -110255.8728
       2.000     -110467.8627
       3.000     -110322.3981
       4.000     -110005.2191
       5.000     -109646.5182
       6.000     -109197.3425
       7.000     -108749.3963
       8.000     -108388.8371
       9.000     -107962.6343
      10.000     -107432.8951
      11.000     -106927.0353
      12.000     -106421.0753
      13.000     -105765.3666
      14.000     -105115.9236
      15.000     -104558.5817
      16.000     -103946.7870
      17.000     -103342.5195
      18.000     -102655.9165
      19.000     -101952.9439
      20.000     -101053.7496
      21.000     -100583.3511
      22.000     -100088.4279
      23.000      -99535.1131
      24.000      -99105.1300
      25.000      -98568.3163
      26.000      -98069.1081
      27.000      -97449.3704
      28.000      -96977.9523
      29.000      -96238.6963
      30.000      -95574.9024
      31.000      -94878.0819
      32.000      -93986.9717
      33.000      -93592.3504
      34.000      -92680.7295
      35.000      -92254.1774
      36.000      -91362.5257
      37.000      -90643.8604
      38.000      -90216.6854
      39.000      -89575.4325
      40.000      -88994.7905
      41.000      -88600.3210
      42.000      -88680.3202
      43.000      -88595.5627
      44.000      -88568.3511
      45.000      -88548.5390
      46.000      -88615.6577
      47.000      -88414.6440
      48.000      -88379.7608
      49.000      -88698.4994
      50.000      -88425.5397
      51.000      -88424.1758
      52.000      -88462.0057
      53.000      -88778.5193
      54.000      -88435.9731
      55.000      -88728.0542
      56.000      -88642.8153
      57.000      -88568.8921
      58.000      -88649.9115
      59.000      -88237.3440
      60.000      -88432.1206
      61.000      -88559.9732
      62.000      -88585.3666
      63.000      -88801.2159
      64.000      -88581.2455
      65.000      -88397.2600
      66.000      -88497.3561
      67.000      -88788.1696
      68.000      -88638.4624
      69.000      -88777.8297
      70.000      -88682.9324
      71.000      -88602.5027
      72.000      -88703.0556
      73.000      -88554.2550
      74.000      -88577.7178
      75.000      -88255.3515
      76.000      -88506.8353
      77.000      -88602.4985
      78.000      -88734.1812
      79.000      -88465.7542
      80.000      -88638.1507
      81.000      -88291.7950
      82.000      -88735.6412
      83.000      -88609.8357
      84.000      -88562.6681
      85.000      -88458.8083
      86.000      -88738.1960
      87.000      -88878.7109
      88.000      -88841.0721
      89.000      -88785.1897
      90.000      -88738.9576
      91.000      -88681.6340
      92.000      -88897.2904
      93.000      -88812.7019
      94.000      -89071.9366
      95.000      -89042.8322
      96.000      -89033.4577
      97.000      -88769.6594
      98.000      -88613.0772
      99.000      -88787.5141
     100.000      -88871.3499
     101.000      -88901.2865
     102.000      -89035.5552
     103.000      -89023.5555
     104.000      -88739.8801
     105.000      -88875.4310
     106.000      -88840.2257
     107.000      -89010.2813
     108.000      -88842.2439
     109.000      -88931.4667
     110.000      -89017.7252
     111.000      -89035.3839
     112.000      -89061.3434
     113.000      -88962.5021
     114.000      -89145.1310
     115.000      -88930.5266
     116.000      -88853.0649
     117.000      -89044.3623
     118.000      -89076.2129
     119.000      -88970.6408
     120.000      -88947.8218
     121.000      -89283.4333
     122.000      -89270.4285
     123.000      -89316.9138
     124.000      -89117.2989
     125.000      -89194.1434
     126.000      -88948.7028
     127.000      -89149.2785
     128.000      -89153.4311
     129.000      -89175.1643
     130.000      -89069.6082
     131.000      -89162.3264
     132.000      -89269.4042
     133.000      -89081.1707
     134.000      -89269.9458
     135.000      -89137.9110
     136.000      -89472.9537
     137.000      -89218.7718
     138.000      -89279.1926
     139.000      -89227.4041
     140.000      -89256.1346
