       0.000     -125246.8789
       1.000     -109665.5579
       2.000     -109298.2762
       3.000     -108589.8116
       4.000     -107669.2911
       5.000     -106738.2807
       6.000     -105613.4655
       7.000     -104602.0608
       8.000     -103718.7565
       9.000     -102646.4834
      10.000     -101536.7432
      11.000     -100439.6544
      12.000      -99392.9395
      13.000      -98078.7382
      14.000      -96908.7839
      15.000      -95717.2428
      16.000      -94509.5682
      17.000      -93262.5391
      18.000      -92036.6528
      19.000      -90607.6636
      20.000      -89215.2232
      21.000      -88387.6772
      22.000      -87625.9738
      23.000      -86806.1092
      24.000      -86020.2619
      25.000      -85028.6288
      26.000      -84331.3356
      27.000      -83558.5862
      28.000      -82845.6310
      29.000      -81710.5948
      30.000      -80736.6826
      31.000      -79687.6034
      32.000      -78619.1934
      33.000      -77846.3016
      34.000      -76616.3887
      35.000      -75955.0261
      36.000      -74625.0433
      37.000      -73873.5870
      38.000      -72938.6210
      39.000      -72089.2138
      40.000      -71129.4702
      41.000      -70746.5514
      42.000      -70770.4881
      43.000      -70736.8810
      44.000      -70797.4292
      45.000      -70683.5078
      46.000      -70691.4995
      47.000      -70554.7846
      48.000      -70494.7862
      49.000      -70843.5756
      50.000      -70460.6725
      51.000      -70662.9980
      52.000      -70604.2752
      53.000      -70888.7342
      54.000      -70328.5903
      55.000      -70909.2983
      56.000      -70826.1707
      57.000      -70962.2867
      58.000      -70754.0638
      59.000      -70306.1995
      60.000      -70541.2574
      61.000      -70841.8873
      62.000      -70719.3783
      63.000      -70911.0714
      64.000      -70793.3138
      65.000      -70616.1662
      66.000      -70497.4381
      67.000      -70834.3708
      68.000      -70834.7476
      69.000      -71036.2965
      70.000      -70883.0730
      71.000      -70695.1785
      72.000      -70740.7938
      73.000      -70862.2765
      74.000      -70707.0577
      75.000      -70558.0487
      76.000      -70634.2807
      77.000      -70785.9301
      78.000      -70706.0406
      79.000      -70444.7522
      80.000      -70703.5179
      81.000      -70362.5371
      82.000      -70853.7701
      83.000      -70715.2888
      84.000      -70807.6330
      85.000      -70531.7594
      86.000      -70723.4831
      87.000      -71039.8222
      88.000      -70969.2421
      89.000      -71177.0842
      90.000      -70860.3872
      91.000      -70921.1184
      92.000      -70908.7494
      93.000      -71030.3289
      94.000      -71260.5362
      95.000      -71153.8908
      96.000      -71106.0808
      97.000      -71048.5208
      98.000      -70641.2432
      99.000      -70847.5102
     100.000      -71096.2972
     101.000      -71123.5248
     102.000      -71171.1997
     103.000      -71119.3914
     104.000      -70886.5344
     105.000      -71043.8256
     106.000      -70842.5421
     107.000      -71000.3906
     108.000      -71092.4939
     109.000      -71002.8104
     110.000      -71074.4166
     111.000      -71179.6065
     112.000      -71039.9098
     113.000      -71083.3693
     114.000      -71246.3752
     115.000      -71046.4583
     116.000      -71042.0044
     117.000      -71196.5361
     118.000      -71346.1972
     119.000      -71127.0764
     120.000      -71189.9038
     121.000      -71432.2146
     122.000      -71470.4774
     123.000      -71526.3963
     124.000      -71298.3907
     125.000      -71292.7371
     126.000      -71156.6930
     127.000      -71328.3176
     128.000      -71241.5228
     129.000      -71269.0959
     130.000      -71168.1589
     131.000      -71371.7307
     132.000      -71260.5449
     133.000      -71181.4636
     134.000      -71185.8305
     135.000      -71276.4735
     136.000      -71570.2876
     137.000      -71411.6722
     138.000      -71348.1770
     139.000      -71585.0174
     140.000      -71543.0565
