       0.000       0.00
       1.000       9.92
       2.000      19.65
       3.000      29.11
       4.000      39.25
       5.000      48.87
       6.000      60.22
       7.000      69.69
       8.000      78.48
       9.000      89.33
      10.000      99.08
      11.000     109.01
      12.000     118.10
      13.000     129.17
      14.000     137.91
      15.000     148.57
      16.000     158.58
      17.000     169.38
      18.000     178.45
      19.000     190.65
      20.000     198.94
      21.000     204.94
      22.000     209.42
      23.000     213.90
      24.000     219.88
      25.000     227.52
      26.000     230.85
      27.000     233.42
      28.000     237.48
      29.000     244.13
      30.000     249.34
      31.000     255.26
      32.000     258.24
      33.000     264.60
      34.000     269.95
      35.000     273.89
      36.000     281.26
      37.000     281.81
      38.000     290.34
      39.000     293.84
      40.000     300.21
      41.000     300.02
      42.000     300.96
      43.000     300.10
      44.000     298.62
      45.000     300.21
      46.000     301.20
      47.000     300.12
      48.000     300.54
      49.000     300.04
      50.000     301.88
      51.000     298.46
      52.000     300.08
      53.000     300.62
      54.000     304.28
      55.000     299.43
      56.000     299.39
      57.000     295.86
      58.000     300.72
      59.000     301.32
      60.000     300.64
      61.000     297.74
      62.000     300.22
      63.000     300.63
      64.000     298.91
      65.000     298.79
      66.000     302.47
      67.000     301.70
      68.000     299.17
      69.000     298.13
      70.000     299.11
      71.000     300.92
      72.000     301.84
      73.000     297.30
      74.000     300.30
      75.000     297.39
      76.000     300.33
      77.000     299.39
      78.000     302.95
      79.000     302.83
      80.000     301.37
      81.000     301.28
      82.000     300.49
      83.000     300.70
      84.000     298.36
      85.000     301.25
      86.000     302.72
      87.000     299.77
      88.000     300.32
      89.000     295.89
      90.000     300.43
      91.000     298.45
      92.000     302.28
      93.000     298.82
      94.000     299.30
      95.000     300.61
      96.000     301.25
      97.000     297.79
      98.000     302.00
      99.000     301.46
     100.000     298.69
     101.000     298.74
     102.000     300.19
     103.000     300.86
     104.000     300.01
     105.000     299.64
     106.000     302.43
     107.000     302.64
     108.000     298.27
     109.000     301.27
     110.000     301.52
     111.000     300.05
     112.000     302.83
     113.000     300.44
     114.000     300.77
     115.000     300.52
     116.000     299.30
     117.000     299.92
     118.000     297.94
     119.000     299.84
     120.000     298.41
     121.000     299.97
     122.000     299.11
     123.000     298.95
     124.000     299.43
     125.000     300.82
     126.000     298.98
     127.000     299.46
     128.000     300.99
     129.000     300.89
     130.000     300.82
     131.000     298.95
     132.000     302.62
     133.000     300.79
     134.000     303.89
     135.000     300.14
     136.000     300.84
     137.000     299.23
     138.000     301.31
     139.000     296.46
     140.000     297.65
